,HPG,VGC,HT1,FPT,BCM,CTD,GEX,VHL,CII,L10,VRC,KLB,VRE,DIG,VPD,HBC,VPS,DGC,VJC,STB,FCN,PNJ,NAB,PGB,ACB,NKG,GMD,HDB,VIP,MPC,VID,TCH,DPM,VHC,NLG,PLX,KDH,LGL,VNM,VOS,PDR,MWG,PHR,QCG,SBT,VND,TCB,HSG,LCG,HCM,VIB,KDC,SAB,EIB,NVL,HQC,SSI,VIC,TDC,SHB,DXG,REE,BID,VCB,CTS,MSB,PC1,VHM,VPB,GAS,TPB,DRC,HDC,CTG,OCB,BMI,LPB,ASM,KBC,CMG,VGG,MBB,IDC,POW,BCG,HNG,VCI,TLG,HAG,HVN,MSN,ITA,SZC,PAN,IJC,SCR,HU1,DHG,DPP,SDA
HPG,1.0,0.47401802196197884,0.3316005327279052,0.4013136406449836,0.33353073890222323,0.4117261834341915,0.34992523221594407,-0.1319665432028067,0.39818800643384555,0.10987157381975828,-0.019383387391796163,0.03312270425436071,0.26326688108749946,0.45110703337218144,0.15660156652731014,0.45405556818817605,0.09247999436359317,0.2635416325282121,0.11552913768176605,0.5096755769524391,0.4899879963364402,0.40749274909639965,0.5651108433402885,-0.2471814727554444,0.7028373158093099,0.7450672924202475,0.35584203770507467,0.5512946867001011,0.3481000868374295,0.2792215865213626,-0.019186757649247963,0.48747172053968085,0.27692980229832276,0.45630667617189735,0.5192875131450597,0.1589299392370072,0.5009368795763435,0.25541097072601904,0.4735459514840165,0.32956299828512714,0.4793649446641209,0.5499703999653118,0.42942050009319405,0.11540455944389919,0.2967210559414235,0.5657300797997293,0.5826871227486244,0.7781168418508372,0.5258597327806149,0.5672020571653428,0.6620308060818975,0.06628516940598721,0.3801355760388918,0.5184054670836574,0.3037382804418089,0.48192099353745976,0.6210804452127197,0.0071973437488842195,0.38552540898535326,0.5471520323243158,0.5061843348547027,0.41436647860526676,0.4258682040601649,0.5050432165818568,0.5620415108614029,0.5794546158336833,0.3544648735789607,0.13790528549272352,0.6138432542545232,0.05761141996752716,0.6515549454491674,0.40950261154656936,0.45030855813449805,0.565529634379801,0.6869552216713167,0.3595827466510067,0.33114550579372565,0.6309391134245932,0.49455988312126975,0.384027890651853,-0.053118615880447785,0.6520106556159853,0.4273407570314149,0.26587819026607923,0.021580362364132546,0.4532666766042089,0.5160142838762254,0.37651814351913265,0.4463187799018614,0.5075841316690438,0.5289167211607003,0.054855328132335984,0.5267177633488659,0.4077759383860353,0.5561559700727966,0.5104694754158287,0.040170046756088304,0.41019157391576866,-0.037721570897483,-0.0017447692682433515
VGC,0.47401802196197884,1.0,0.43077797199722384,0.2738785925113319,0.5553208390365781,0.39304356092066356,0.46633697870271285,0.1127206057330489,0.47258756121379364,0.00851892515613559,-0.029132461657014507,0.17156914014659894,0.20866522242818902,0.474416289970507,0.20791150362213234,0.48489507303910157,0.12079937721585093,0.32582406577906753,0.05066287429676707,0.27233509786372434,0.4938761613259791,0.31817181523032284,0.3272575752711847,0.12729441521005028,0.4808998169026506,0.5409231643124977,0.3710433197512628,0.32868526665090214,0.44255516807687256,0.31997947628923634,-0.11073351832226111,0.45823484958342653,0.2515061156222679,0.4962837856425971,0.4331813222765902,0.25693194172605,0.3966611390164521,0.16249485916701412,0.32755852923603346,0.4296960427565537,0.44288849705506383,0.4501122847675934,0.5551430407918029,0.11923970804179747,0.32603612104339497,0.4867959742508893,0.5095205899955217,0.5552319347801494,0.5372014411071108,0.4962086009906001,0.5390335045784644,0.11781196848910439,0.2900856311897614,0.5517391092945286,0.38027001723388354,0.5207328981694304,0.43075976432967505,0.10996982363893719,0.4360491116352151,0.4457408240517021,0.4263955792100426,0.39448602812400346,0.39483433622366554,0.3995798754231355,0.5038343257160446,0.4387638797524924,0.4576591623023657,0.164788778390064,0.47987606615608486,0.20448573987841334,0.5386176785896877,0.5696618918922842,0.4867635256806185,0.5199789925805932,0.4555041382812199,0.5007603171158467,0.21220372901785833,0.5727671480220999,0.6832898503966278,0.4187710387242071,-0.04960835084825425,0.4815967067545866,0.6015601263614848,0.5089836983750636,0.10239175831330326,0.16575970032686108,0.40719388509077004,0.34173981904306927,0.4077953903446819,0.4711738775456704,0.5241743079300667,0.011264490922705487,0.7696417611152326,0.3232341875869632,0.6109518713125371,0.5108370704771409,0.03703274324775348,0.34191371597762565,0.03252400075429027,-0.05138095020269415
HT1,0.3316005327279052,0.43077797199722384,1.0,0.20762799917525343,0.32231715434029834,0.27173889759060194,0.24481236537113665,0.06829869677439841,0.253557014635289,0.0985558442698189,0.05287700518642542,0.054022441557665085,0.21363922440459018,0.22143841654414856,0.17673696906695255,0.2809608669781544,0.052971140200660495,0.28517313464912214,0.14331386229114987,0.13671936621626612,0.35149886167736377,0.22106232603472328,0.1917398522583303,0.1768530738152233,0.3280056328574124,0.3865774382670673,0.27796820600009947,0.3241205135254649,0.42442776480865996,0.2159469265398486,-0.09089274491287981,0.2497103430469457,0.2898801134153833,0.36415623071695324,0.18449998400577897,0.2503983906114195,0.1997356468168824,0.04268494335642872,0.12460004025619711,0.41111248172736076,0.20702933903180765,0.2808461826948879,0.3686898043801601,-0.027802930575041275,0.2620478692666739,0.3783947655628396,0.38234986614658173,0.3464221513202358,0.4039961537865008,0.3258064469284789,0.3567484701776524,-0.040598006443247375,0.14026626924875818,0.35233452228742307,0.09409456993656913,0.23414959663691826,0.4038428642791192,0.13778063787573616,0.21402942816831957,0.2892246499056928,0.2586414251851532,0.2893714115597214,0.14333932097657928,0.14829902505167641,0.41533388838929325,0.2997333897512715,0.3053917293229382,0.12890479875872646,0.34397492960584475,0.1497649233426348,0.3484432966255913,0.46553640025650883,0.268115299890976,0.27699261302889694,0.3151014716926266,0.35025617694018363,0.07842307277448952,0.3658480055211735,0.46119802125006154,0.35262343120290296,-0.110391492425654,0.36046714494211035,0.3151806108515497,0.3696848554101089,0.06418583225540196,0.06706874710734295,0.30786289034219105,0.24219536733341654,0.33619233662864506,0.3383905672938309,0.3051137283868329,0.2366340735977526,0.3923785712986227,0.23325500959874562,0.2941183658968498,0.2313620317616199,0.04646331152093118,0.3546860185897175,-0.057428389406392846,0.09731527013223225
FPT,0.4013136406449836,0.2738785925113319,0.20762799917525343,1.0,0.33703231362986474,0.3611924029728907,0.18577406907072705,0.01996054073710114,0.15620919221487767,-0.019750602875722917,-0.047400473157262694,0.28311694065170556,0.2210936097760851,0.23929552425360878,0.1504778318800772,0.4002606319994177,-0.05072608399668003,0.20614999669516215,0.06172518348912001,0.1882786430394863,0.22354813758054565,0.4106210746407125,0.38369871343194617,-0.19398203780875756,0.47568385248965583,0.3417144646570171,0.35125788430793403,0.2350726973311504,0.1924209224735122,0.27104089937059556,-0.016825255581280844,0.3062632124438293,0.11391735915678913,0.36016406472450074,0.3490527553661812,0.12865344345283475,0.2712140705087374,0.16656675358427322,0.21985910017578825,0.1604490528317598,0.2478258482931364,0.48063658462497233,0.2363803235371955,0.16451580023755616,0.27126144605347924,0.26155608528808677,0.3447214666774994,0.3177278987851324,0.30365243201029385,0.332036293288402,0.4344280728583954,0.10480621149827292,0.3605433555053504,0.2669758835151996,0.16935051193288533,0.37495247155654887,0.27614684610607887,0.20470707332143465,0.1599384298507249,0.20274075024758437,0.2939821222324016,0.2948881600948975,0.3727625768196638,0.4415450060113541,0.2642879504004978,0.34268458993410156,0.2842997496058351,0.24466294231504435,0.32297505509240765,0.15774113387125893,0.34453511907628065,0.29107666952993727,0.21293598736144378,0.4201231396193632,0.3737112772032719,0.2944681435086767,0.2668673818067545,0.34648305109232974,0.3581608100841516,0.5549098265188521,-0.0751504590474237,0.3508615933250043,0.3967694907994255,0.18478292900864182,0.0003188816498000875,0.4107187416432513,0.2275752142739361,0.2258751389268316,0.2518549202301747,0.38932259764456917,0.3126712454516962,-0.05793310182069925,0.25710671142263447,0.23103039320261604,0.30945863528834494,0.26002638400979405,-0.026819375105267468,0.4364058069271472,-0.09615460362802644,-0.014562924707637844
BCM,0.33353073890222323,0.5553208390365781,0.32231715434029834,0.33703231362986474,1.0,0.2813613944640861,0.2979497340216172,0.015293934625542646,0.24567348125002988,-0.001348274847584889,-0.02695256952545067,0.196155442532209,0.15688301661842557,0.26316529666691085,0.16420095873521917,0.32866905922647793,0.10549768434120918,0.2894056671867246,0.05505510578450744,0.1219387392632627,0.27556607409769995,0.29134816904517336,0.34569713206242797,-0.01907503748475625,0.3840604825049921,0.3859350834360438,0.4595799580704601,0.24991421435206523,0.35789740484011295,0.30743339940438524,-0.09136066642642468,0.20912175714150677,0.16613808079366738,0.4521280038687987,0.317234272153008,0.4039587474604877,0.2356632976287483,0.13221935957633277,0.44176116052646325,0.34111453471484404,0.26336491250382865,0.3418033646235906,0.5523436166028388,0.18556541496574042,0.2283027503588637,0.29435502575118155,0.316114269005732,0.43170760171801514,0.3507428726645932,0.38053278515659744,0.39188316630549413,0.08740068868616614,0.34805972022205367,0.29607490177119977,0.21162330522739728,0.3879898129963384,0.33220360122191606,0.11412173159990885,0.3188081683742166,0.34636632827913777,0.2653494815169664,0.28084356805908367,0.39848495461179345,0.4147022272316376,0.3737788995754032,0.38589100475429855,0.46329611981576824,0.15991010660553398,0.2926030722989608,0.23792909528096548,0.4594615599012979,0.38148958643067066,0.2733744195966634,0.4630701862227487,0.41025982642847336,0.4464482376757503,0.17899754100058288,0.42287541959612407,0.5775970920292851,0.5890200171072891,0.019943101086213815,0.3867094393621892,0.5239554067247449,0.4304187295692246,0.11544783447425805,0.16554281762969134,0.2447264149231042,0.2506031912447528,0.2811367459172017,0.5318978713306809,0.36262374961328875,-0.036601699475956866,0.563960312898348,0.34379468558192755,0.47858163826744415,0.2998076459488768,-0.001956924457766568,0.33558137041636227,-0.05750808240862975,0.026337598513336627
CTD,0.4117261834341915,0.39304356092066356,0.27173889759060194,0.3611924029728907,0.2813613944640861,1.0,0.2969810252387312,0.11817655726012995,0.28948104584749307,0.04971853489518393,-0.002250370441780648,0.008327996515495381,0.2007759281333001,0.2955420023940954,-0.005992231202818134,0.4661767073503331,0.02732039968378225,0.24279077640484006,0.220335221299336,0.33925924650890005,0.3972048788466346,0.45077966777516254,0.323427206308964,-0.003933764905317327,0.3986871758175984,0.3818713421139625,0.34327242387624657,0.3894439893872831,0.37792388262464643,0.30685981349233526,0.08877524908893777,0.3493868973813443,0.22238689452691304,0.4180498063017377,0.4357288628402234,0.13688418579721862,0.433430642713049,0.21903446516261738,0.28027788140618315,0.3142533069629501,0.3325484798872412,0.4360437062880062,0.38918562751475544,0.0774215326841876,0.19490869656231025,0.33311328487860203,0.39834492062133997,0.3606440636507915,0.4771343612198129,0.3424996710693577,0.41444753826973774,0.1558979451032519,0.3019747063581861,0.40184527532048325,0.30337603130630697,0.4026894300579905,0.36367060808332824,0.14352233756653343,0.30818704849980044,0.4147259731626161,0.3585789115240398,0.45046224397129525,0.36478291414839314,0.377448298318423,0.34329875113869296,0.3912117194928038,0.29042941759154983,0.18396205886720085,0.43480584602204014,0.10263190856588399,0.4099753187665732,0.40187846086004314,0.2927364681247087,0.3892007330516291,0.5142323070490729,0.2919955285214495,0.28237086024513525,0.47578301011413543,0.3302348887598844,0.37498490404485135,-0.000180443776578994,0.3944841488656705,0.35416119004438684,0.35763324098907007,-0.08158123004856724,0.313615911970063,0.30219117241857585,0.3688446160255187,0.38507188446326196,0.34452894942485485,0.3029481273123882,-0.040887217561676806,0.5077816605092217,0.31047212138782915,0.35631822741784785,0.33249215821798705,0.017757962723511694,0.4096674091543376,-0.00036505127153815977,-0.005551403745298642
GEX,0.34992523221594407,0.46633697870271285,0.24481236537113665,0.18577406907072705,0.2979497340216172,0.2969810252387312,1.0,0.052741438769866665,0.5828683270225512,0.07705084137633862,-0.08994077527567779,0.04967632362578482,0.45547085557019906,0.541545761555561,0.08183687676145988,0.2744280678649107,0.23047636179397096,0.11191162089367175,0.292293770024531,0.3233534353560681,0.4043589682428466,0.2186699147535114,0.25784736161678534,0.05340848251888293,0.38937342075208736,0.5155342137319348,0.4357417278084595,0.5010424211009451,0.24912680902315623,0.18092305020957042,-0.20470380847346523,0.5108090120654848,0.10647837313710669,0.1626077355274558,0.4007709352309561,0.0542205314546851,0.53379394734649,0.16749128165987304,0.15166385855398815,0.23373614614600716,0.5738391747011357,0.44927245778952335,0.28378402699631206,0.15887186157302194,0.1451313650123163,0.617123992264065,0.48954272704879126,0.48254233574777733,0.4987031727342621,0.4891661117770728,0.5786565986884032,0.07446857252709756,0.16825849132504045,0.7086580589590804,0.35276916027180694,0.4439592788241675,0.526554056311268,0.31584562719738146,0.3240814798589735,0.4380319195887063,0.5212915200807227,0.2624192039030447,0.1858680886687472,0.2258005363902132,0.5747979088880014,0.5111748805610229,0.45770325266544654,0.34092756594382817,0.6414143785881611,0.02439855097270149,0.6079678363813483,0.2894129701546037,0.5744818264005053,0.31861332903030304,0.4923880045572679,0.3336262267121884,0.3031032367196754,0.4269310812108413,0.48415867495505704,0.21212234583766235,0.017828046516892807,0.42174594551729566,0.3018111717174538,0.2608578644013108,-0.11433929714978187,0.1622589209617717,0.4457232241970106,0.18454869476824964,0.4058303781286548,0.3542006551509509,0.440801072605881,-0.049570985132438114,0.4038393170749511,0.15339755700731164,0.4730844965198853,0.5251317987507172,0.05438157777124383,0.22201386168290912,0.09983397405921962,0.017301039829637165
VHL,-0.1319665432028067,0.1127206057330489,0.06829869677439841,0.01996054073710114,0.015293934625542646,0.11817655726012995,0.052741438769866665,1.0,0.11430779566728558,0.20168985164056782,-0.07958817667695205,-0.039440483080264266,-0.11485095015010081,0.0010073055503507433,0.07395825497686108,0.09083057827597456,0.05852492045944168,0.10803181209328153,-0.0706036783880945,-0.015662898567936,-0.05368060614391784,-0.14121890073573776,0.055388125915219855,0.1949103572762234,-0.06024957288797013,-0.022361978731140725,-0.00796188870358984,-0.1239353550213971,-0.029601517604304455,0.006763601269014074,-0.178037746713522,0.08664410014621188,0.026761998093151572,-0.03579591774172913,-0.02710080085315143,-0.13504408807397433,-0.008987542030921827,0.017637658091833205,-0.08313544532325606,-0.06920984733302692,0.03371588969944864,-0.0943095179637921,-0.134421516627796,0.06352040619455444,0.01564377950325221,0.037759167034931644,-0.05305056461437789,0.027482013261065544,-0.015218227559096081,-0.17574998442578135,-0.041452073465714105,-0.009679570498079534,-0.010501120371061318,0.0049032011204176405,0.029735250974560545,0.022833103091832237,-0.10615891591189504,-0.03506720603396197,-0.0974298050504344,-0.08374495946458206,-0.04620699211787115,-0.06790973230085418,-0.03587301504717998,0.012887273719924586,-0.0809409200473423,-0.00729191128203571,-0.021406124577049084,-0.03655038534673404,0.024387798213469272,-0.014837965466541106,-0.006859870170031606,0.01651912554759368,0.09074758691777209,-0.000709776804227484,-0.035082908309537995,-0.0029689840690638354,0.03283493107174103,-0.031194961044598825,-0.049426599924897924,-0.025359043213072988,0.019069869520151612,-0.0659135390362248,-0.015563623592878289,0.1435943944090088,0.024042663323196038,0.012821383885489236,-0.14399666832661237,0.015583296828627982,-0.047326153782267004,0.04505108130263167,-0.02914125857374931,-0.060811796798406426,-0.061231913899302375,-0.1090904379534697,0.018506454743436682,-0.025885437855632222,0.19068196736969933,0.1176466823066478,0.13753225647805403,0.017062880979596223
CII,0.39818800643384555,0.47258756121379364,0.253557014635289,0.15620919221487767,0.24567348125002988,0.28948104584749307,0.5828683270225512,0.11430779566728558,1.0,0.08194648289935597,-0.1410775211892496,0.11501027155284142,0.3807594743050669,0.8044268166045847,0.0411605722666702,0.42087440881099686,0.17134840050394173,0.23157743413819135,0.18737163480354,0.34742392861764304,0.6081831722891505,0.1766170288257536,0.30603813625445186,0.11071620370870756,0.40757764489725007,0.5446899829648971,0.29245460236155096,0.4173429094209853,0.19986526562143703,0.2519118134338723,-0.026947439414915487,0.7279006020950424,0.2423329647106964,0.25552690894299335,0.653650614336789,0.012261262986435678,0.6452861316554089,0.12552718399726362,0.25224638275096245,0.2371282630677512,0.7961083391486077,0.47258792746871037,0.2399852750741165,0.20290844234087274,0.25942648022759074,0.5823435670972952,0.5471761890136985,0.5572165874957796,0.6353006896674788,0.4772001014270883,0.5435746973330254,-0.05080527256110569,0.20925933663680263,0.5786170000238632,0.6517198036349593,0.6239338242171952,0.48338326710280155,0.23600047130570947,0.3819430509982111,0.4849442817210474,0.7187067751506601,0.29746360612212486,0.13686479097179458,0.1400166222817158,0.5837259791433655,0.44119664963199323,0.42696487172889985,0.2850779006683831,0.5589828228136351,-0.012073314607246947,0.5177085683187347,0.2164403545523455,0.8077152660215933,0.3531768812879863,0.46833331757110713,0.26098205946607694,0.20114480740520693,0.468309308612314,0.499487828355343,0.22709273128323854,-0.0701496522977367,0.41774138785655546,0.29233895378062824,0.24267292677198238,-0.09432648457141993,0.23997843528392884,0.42576014119722844,0.25075556810246824,0.4554287346645967,0.39667404365882675,0.464178809653949,-0.04186529638859252,0.44283501168438427,0.08780071838230978,0.6564447787009856,0.6636667536765676,0.09879586053593617,0.23697442447560993,0.039805731967064786,-0.023409518481289283
L10,0.10987157381975828,0.00851892515613559,0.0985558442698189,-0.019750602875722917,-0.001348274847584889,0.04971853489518393,0.07705084137633862,0.20168985164056782,0.08194648289935597,1.0,0.05230417041944355,-0.027583613514909646,0.22311898268615374,0.07147976587867035,-0.007098603403538729,-0.0057622091326963885,0.05711394249517676,-0.05483399031168684,-0.026039560493788878,0.0019454376876216154,0.047913148227185884,0.13576158535104227,0.08930256647918801,0.151076913790136,0.04901051959506519,0.1499243898099249,0.034723062528855146,0.16671892746705805,-0.03391028637502798,0.07659285417995346,-0.07370801264495865,0.1234065889551128,-0.01715751936957382,-0.11058466098361498,0.040737486942467815,-0.04717943190840642,0.10053004965389747,0.08177428443945607,-0.06313024809051121,-0.008790305441338334,0.03585136543938907,0.08614180366442545,0.020312957900430306,-0.15774430425927888,0.09033144949350982,0.1944888322100398,0.07168572491568868,0.15151698702524155,0.06580699148303105,-0.033373159371111086,0.14398451154007225,0.008550527315779348,-0.07563171515307465,0.0543677972189603,0.055113954632993574,-0.026918525459819587,0.0798891074961583,0.06974349305677618,-0.08940523371846107,0.11860081484901845,0.09169603909618688,0.05106703996865165,-0.1444142202781546,-0.06638854143795571,-0.03123060500746895,0.14082936575544996,0.03282377478380492,0.15810958704798117,0.07536393683370948,-0.020992211920237976,0.08185642322050841,0.033091707298687614,0.07458326033985524,0.011215409950149826,0.034297033406217585,0.081636512135076,0.004718805394965513,-0.015310957327406269,0.06347733244846644,0.01880523777737807,-0.1357500503464433,0.08022609708442878,0.05590288207795832,-0.0254925674445078,0.08053735679439773,0.01643735496481447,0.07314534781105435,0.05738538929355064,0.09420505361585825,-0.021998949035258845,0.010782950269532436,-0.1129649213097709,0.02950337738035687,0.004399900722767122,-0.004060140967579274,0.047432190452685354,0.06253984801875388,0.10318022990241571,-0.02144220731343242,-0.09436618627931985
VRC,-0.019383387391796163,-0.029132461657014507,0.05287700518642542,-0.047400473157262694,-0.02695256952545067,-0.002250370441780648,-0.08994077527567779,-0.07958817667695205,-0.1410775211892496,0.05230417041944355,1.0,-0.03390149718227793,0.00805948163960171,-0.13088516507649128,-0.1136270917490399,0.042384998726979095,0.010013487602138832,-0.044934574987304944,0.07849430963472129,-0.031197935887889522,-0.04619971800510962,0.10066060233399726,-0.07471668422983209,-0.1799783540317469,0.011077998753909933,-0.06032155729622547,-0.040301345089324966,0.05660699006730556,-0.05243611090935415,0.03676236881324596,0.036792407702295055,-0.03406915952397796,-0.14922588292765085,0.025128881513579764,-0.0717040681379377,-0.0428573679031352,-0.06565480266931652,-0.0039370838028458975,-0.0037578821867273733,-0.0991995323791975,-0.11364975642767264,0.008161185080790022,-0.016144095120565596,-0.025644473353511884,0.05011217142468066,-0.02124149162245017,0.01267445811349288,-0.14992775417618692,-0.0751326125154932,-0.06475649004355033,-0.052239136092133376,-0.015964988932808295,0.01855598927124714,-0.04864761612699311,0.013032000987171182,-0.06988991720191248,0.04920519563196688,0.002755067995105184,-0.13814814083959448,0.05441980588191324,-0.02820554722492689,0.14229719340103938,0.08316943921959628,0.062250109935680885,-0.040333659542652396,-0.04060219358538548,-0.10564312803890763,-0.039874090926724934,0.02629838232355509,-0.05510845864880726,-0.005112976790660093,-0.02138175468207143,-0.07546819395972656,0.02931268869403033,-0.005087659894067002,-0.028459182478449457,-0.08923727127054826,0.07758939969458414,-0.061988475014357315,-0.05623154192693458,0.04759399266767386,0.0457485096939531,0.045900971107787916,-0.05935367804461059,0.0200046316188643,0.030810977009414778,0.013973812059108547,-0.00752337428046827,0.004898051943888838,0.013049932111862691,-0.04805911550546,0.21545111851360116,-0.010728264710382508,0.05015996095409567,-0.11431056890026688,-0.03591447682153464,-0.08395968801689328,-0.054467903154373984,-0.061862476726049644,0.03066392386096784
KLB,0.03312270425436071,0.17156914014659894,0.054022441557665085,0.28311694065170556,0.196155442532209,0.008327996515495381,0.04967632362578482,-0.039440483080264266,0.11501027155284142,-0.027583613514909646,-0.03390149718227793,1.0,-0.024786153829290072,0.10021384767232079,0.05728908096913171,0.19557491949913167,0.059611311103599095,0.191453450033831,-0.05095360253567559,-0.003168548825195197,0.17666139500312333,0.16850942655220044,0.0848857179717396,0.042771372587354584,0.14362916056380448,0.15945092191197802,0.13494961207174339,0.011374393336808926,0.11811874113096064,0.25142965254000593,0.06296979679555437,0.08978505285481284,0.05166079580438544,0.07363051148769745,0.1307472026749069,-0.029482740193456532,0.10221402311464915,-0.028150077103472466,-0.025124442997828858,-0.024957472478867464,0.008988018486203057,0.08214756123937912,0.16468335731404762,0.0754179639317113,0.12683719242373429,0.11445595984721249,0.016836464242991414,0.1402837091150208,0.19704606626066026,0.23946359247115837,0.09862565944209166,-0.06814464411406322,0.1436324120721298,0.12070858039344723,0.17212948830585642,0.22533226258252437,0.009271483666739836,0.13303842069468838,0.026209460343841823,0.13213019908891438,0.13998085170910354,0.11846762253296532,0.052325087588391196,0.11774199771215588,0.09921124250527907,0.04511086974235828,0.1994011604050339,0.10912671501411367,0.0076174583676174735,-0.035936003193417665,0.04872451635039119,0.2234937212005691,0.150418253688915,0.1009655713827182,0.030163427031566672,0.24500578753133687,-0.07172185361019826,0.14121921448108699,0.14679805292620904,0.3885955358569394,-0.03625419367673713,0.03283981617569224,0.07421364848456932,0.1101793730562905,-0.004015511963588048,0.25836099423687897,0.0889523260560847,0.06877561358062759,0.07652829560781275,0.20112989523416616,0.07595730994338779,-0.05593461246166616,0.15118066392976068,0.1700339758008438,0.09003735324269208,0.13432576454251924,-0.035456448014342265,0.25656947950819087,-0.07376625949018467,0.007171054295113221
VRE,0.26326688108749946,0.20866522242818902,0.21363922440459018,0.2210936097760851,0.15688301661842557,0.2007759281333001,0.45547085557019906,-0.11485095015010081,0.3807594743050669,0.22311898268615374,0.00805948163960171,-0.024786153829290072,1.0,0.43911972859556186,0.007139176091749154,0.19268641625258337,-0.0099354660948776,0.047862565900648475,0.33805355037448787,0.30682313092757935,0.20155703347309947,0.3261975286608775,0.23074166379533137,0.09652856520324794,0.33799109274175254,0.2673598759198209,0.20298366389830896,0.44213172220920094,0.1320186794644369,0.21011163509309144,-0.06449146323230327,0.43864071865539467,0.010570377545749252,0.11904471603980096,0.3653640555594234,0.0994337798060829,0.3983856689787309,0.22169719737906618,0.20105683574747865,0.2153136257067002,0.4371633756013434,0.4975105148186648,0.15346509210239043,0.034891285318784014,0.2214959336119842,0.4202671208233077,0.5507509138010904,0.23090961889333794,0.28011071279769206,0.33077005587174785,0.4712320947337129,-0.0328069671298862,0.11292008616729604,0.4407358870048569,0.3138968981620062,0.29249396421786994,0.4458222763948036,0.5814522666926848,0.2614399704948463,0.3732486063568884,0.414552537863663,0.20610410933199064,0.1125376168787515,0.10387878919320985,0.43228720306767043,0.3719710003749631,0.2684339046680623,0.7356235674384926,0.4585188518520085,0.09048695932971017,0.4108001298386428,0.2299062990080652,0.43233705639543746,0.3185474924917649,0.37109812738930154,0.22273870987037264,0.19772210012827893,0.26760308681574346,0.3420592842538645,0.14120882973547558,-0.10207310385662456,0.35777458164227144,0.17086679337540586,0.09968685819327462,-0.09289639727592426,0.18502515685441343,0.4035666758931642,0.24642544032002742,0.27192780941593253,0.27184542801320616,0.3759597822960299,0.018814986221318723,0.2711259450292727,0.08010763752206301,0.3963764051218205,0.3495408402398969,0.031187216184520663,0.14253653265841207,-0.09487839307648312,0.007566947514446446
DIG,0.45110703337218144,0.474416289970507,0.22143841654414856,0.23929552425360878,0.26316529666691085,0.2955420023940954,0.541545761555561,0.0010073055503507433,0.8044268166045847,0.07147976587867035,-0.13088516507649128,0.10021384767232079,0.43911972859556186,1.0,0.0676705323920805,0.44754327864193194,0.22597644143760068,0.16009222696213735,0.2159603198325452,0.35157713215326164,0.5811872851473546,0.314908598278224,0.32106577895724864,0.007410815152258174,0.4470968988666326,0.580953036059103,0.2674674044744471,0.4697166564469968,0.20216910559434212,0.23113957823720913,-0.03951596377398562,0.764015134718564,0.24117260190498915,0.23714903914409619,0.7100338651085941,0.09911342534436324,0.6514514926691173,0.19590132503616062,0.27099178447211036,0.33299101671670517,0.8978174732394694,0.5398464337180272,0.2517557772328359,0.22345647236513377,0.2544373184355382,0.6085037345570412,0.6009210631913267,0.5608990720215308,0.6075280617774612,0.5640832413242719,0.5892950929380109,-0.03297714025769737,0.19509085535599954,0.5921022343182787,0.5858604864964649,0.6624456326433006,0.5490980055933963,0.16465009274925438,0.5193550722071582,0.5512712321163764,0.8520023955534184,0.2646952701848529,0.31902399601964754,0.27769068811409936,0.6048590228968902,0.5006164058038224,0.3889669987508156,0.2693658439195665,0.6013941862058821,0.06073827570872028,0.5997740724725721,0.2595175029683975,0.8307343038833661,0.4288686649607421,0.5102963090613052,0.287854380431462,0.2206846024638436,0.4864606126433608,0.5595491848186458,0.2357284314107549,-0.017034090290605805,0.5213367948071655,0.3460737348778341,0.24926163404802154,-0.0716094376078601,0.250756009140384,0.488126878603586,0.27396464129953396,0.45060599233625376,0.41045031359603534,0.6173514898566829,-0.10314977911164253,0.48090899643724877,0.21127997268950136,0.704699395585683,0.7491311423945606,0.003101456269400253,0.2261967110966864,-0.08629633847244964,-0.004010790243088556
VPD,0.15660156652731014,0.20791150362213234,0.17673696906695255,0.1504778318800772,0.16420095873521917,-0.005992231202818134,0.08183687676145988,0.07395825497686108,0.0411605722666702,-0.007098603403538729,-0.1136270917490399,0.05728908096913171,0.007139176091749154,0.0676705323920805,1.0,0.10831379179218432,0.04793295043292377,0.1736592448718354,0.12028067079371947,-0.041205076759366105,0.09955059735167908,0.12479304637092263,0.040452023883367653,0.13572267589275144,0.19479719083968625,0.15349422254273903,0.22384222902308745,0.11690700178634292,0.22207395203106042,0.10227137197726342,-0.09555154593316853,0.06631570112747914,0.044972810286258075,0.04002039664832344,0.07453903453511025,0.17582214424742712,0.07909835460381945,0.07400678703720016,0.04750642024467968,0.19876477526847156,0.04027914267634941,0.10165878325313456,0.17444197593609684,0.1506050546157331,0.05145085351004867,0.10741096297654369,0.06595871013019607,0.1812750927335484,0.06269624310968962,0.0943732275748942,0.1897398279653105,0.0023842910688864983,0.10159203859738966,0.07631771268269738,0.03134999915951935,0.0941743247835489,0.012534958321406244,0.09272206544455965,0.08623596470715751,-0.02756009953697494,0.06558614329479419,0.09842723401569066,0.053840214493709314,0.0923891697029084,0.06605788516972122,0.11182797260398561,0.133877165403401,-0.012280831021528252,0.0832789103733716,0.135083931222821,0.1693183893816933,0.08650343860539327,0.1088028786555017,0.09179625402612776,0.12458229028334991,0.19617624494393845,0.03334200654340339,0.1335310674914403,0.11374749992691291,0.22254592748650467,-0.01043436890867703,0.018600457880878492,0.04111047818560738,0.18147111026257726,0.10359471782507006,0.009434455066035205,0.026863695114053777,0.14628336181310939,0.08322589600659656,0.1826148214620879,0.24189746284031022,0.010355368652862294,0.07704216358015877,0.19764134789429808,0.10587077700798067,0.14926907237353468,0.03748098790834084,0.18610905758156618,0.05305892480965105,-0.018569486392403085
HBC,0.45405556818817605,0.48489507303910157,0.2809608669781544,0.4002606319994177,0.32866905922647793,0.4661767073503331,0.2744280678649107,0.09083057827597456,0.42087440881099686,-0.0057622091326963885,0.042384998726979095,0.19557491949913167,0.19268641625258337,0.44754327864193194,0.10831379179218432,1.0,0.0342138761485859,0.22319926488814623,0.09340922064688531,0.3902366770525925,0.4231893331148394,0.32063793397924717,0.3524816277114924,-0.01727673535206554,0.5139169626121867,0.4160314554238309,0.2003341891981249,0.36929457874927335,0.33535037789016425,0.3854639350496347,-0.11051932580381964,0.4888826024277456,0.1000476368171165,0.33665291068869585,0.4957107257329022,0.05375583979785904,0.4901929810455386,0.13960060086978915,0.21549170531145243,0.23937794758702172,0.45883526270599606,0.4966763392183976,0.29059569813750874,0.22805086136272093,0.1653120720250863,0.4272963832060406,0.49097782847102,0.37331288531520324,0.36830922597822596,0.4278568656682267,0.4555885941152883,-0.012245843559161319,0.27400859834798597,0.4093707533738257,0.37440167907837385,0.5304698709174136,0.43379438352707994,0.17512427175870174,0.28605194190959166,0.387205509171601,0.4348503975141911,0.3617595307694819,0.338278031307171,0.3906543092977952,0.4315734592668555,0.43411207021662057,0.23962382026341106,0.2050127210712507,0.4173539417194349,-0.024900058826522378,0.5073455365854185,0.3160625769590554,0.447343355351103,0.4943396987400067,0.4652735867020899,0.33897683221187336,0.21458973778939422,0.4883094973739995,0.4400484290195641,0.48875527646049555,0.002007081132177891,0.4976284582225465,0.3632723263338062,0.28584468563550935,-0.028957015325640833,0.33963451942199124,0.38466667534539606,0.263959905908635,0.37778387861144486,0.31135473806273906,0.3734962009001858,0.005719415957810128,0.49054898253088197,0.20241596582240745,0.4043218255057592,0.4488606210718302,-0.06571543640160325,0.34975790340390955,-0.017959901454422878,-0.02795938566436181
VPS,0.09247999436359317,0.12079937721585093,0.052971140200660495,-0.05072608399668003,0.10549768434120918,0.02732039968378225,0.23047636179397096,0.05852492045944168,0.17134840050394173,0.05711394249517676,0.010013487602138832,0.059611311103599095,-0.0099354660948776,0.22597644143760068,0.04793295043292377,0.0342138761485859,1.0,0.03419559714130839,0.18764828820465307,0.002411929876086044,0.21854671415772153,0.0940233560675945,0.15965669355186496,0.07813125334154328,0.07222910254445969,0.20739915115644791,0.12007450499293082,0.10065933986224926,0.03782167679751191,0.008833153383644647,-0.06718720994850777,0.06747689987276577,0.04757689237145133,0.03468909015482326,0.10919542518844778,-0.013225604477002537,0.10026915656838965,-0.018617430399022257,0.008904259499829583,0.09175494901117875,0.17454164091212093,0.12456645594782303,0.09657062364088194,0.17169319609103673,0.04613394015216804,0.21773370138751588,0.16244767838167407,0.16065379952867437,0.21767332210794574,0.06780386443919467,0.1457900636234624,-0.08863357486029469,-0.003599697926146799,0.15724523623470152,0.19756891036017327,0.09963575610326823,0.09137325716844504,0.009368348946257623,0.14714320622333224,0.18363787481695085,0.211425015984572,0.1011095057135917,0.10051456509967012,0.10712272777597974,0.19572864318195857,0.13085194527034322,0.18306430826673967,0.03508380812993665,0.1599261536140073,0.00035619090832149613,0.1469737365081318,0.1264935134559613,0.2274591164108506,0.08720606890674575,0.08302953175825524,0.01726272765593013,0.039144986702528736,0.17004766533686005,0.15807411938886826,0.004546426524668593,0.10586920623857497,0.17758943602798077,0.0870204494664644,0.1349684229641585,-0.10757420713046094,-0.0597354339796542,0.10570379205307959,0.19169996980935303,0.10824598602532377,0.11301726093791735,0.22242717609681165,-0.0429856070287716,0.17013806235546627,0.12724575706158098,0.17183436582659492,0.23630692276785056,-0.14280991006645377,0.04162861014379904,0.020984065959551105,0.013990351347238859
DGC,0.2635416325282121,0.32582406577906753,0.28517313464912214,0.20614999669516215,0.2894056671867246,0.24279077640484006,0.11191162089367175,0.10803181209328153,0.23157743413819135,-0.05483399031168684,-0.044934574987304944,0.191453450033831,0.047862565900648475,0.16009222696213735,0.1736592448718354,0.22319926488814623,0.03419559714130839,1.0,0.041397269458044804,0.2285087226305349,0.1506508943522526,0.24870219765393597,0.18099465607230236,-0.07813506489512759,0.30109167659801744,0.2951169022158989,0.21423486185862786,0.25844290144481913,0.23026927170755568,0.1791787116268019,0.08131499492781512,0.23628071164748982,0.35117331259422113,0.23437488174492196,0.2443046680972211,0.05712723717159205,0.22404644235919174,-0.030136822068756307,0.1674748027484547,0.21005756212073046,0.20334260094751153,0.19534804816190643,0.3569727063680566,0.24302614611284143,0.17100611397182533,0.15109465787861648,0.22089563539097307,0.27387965267225534,0.24016925087114638,0.1901475749540103,0.22859720714809068,0.089369699232756,0.17913667900417682,0.18988915089682454,0.1419153341102249,0.21008595203011546,0.15585953751029535,0.120354483898439,0.10290739584720224,0.22398890406499217,0.2050898944564848,0.222395010533069,0.04079177851888272,0.07833733734129068,0.23879039384907494,0.18335605169609076,0.23294655340392129,0.07311447857960456,0.21001289967903325,0.0009576774138870117,0.23867151234687167,0.27642445437029856,0.2812575557730365,0.21837678047423137,0.2146465432565706,0.28715140797947636,0.0752530010370141,0.2617979675913235,0.3398012216889898,0.23517096687918734,0.04895214171445566,0.2111780789844916,0.29896053295526986,0.20979829953210336,-0.0002839741915535414,0.09876085884724636,0.12451932167067531,0.2389664631449983,0.180793123758479,0.3274920937846,0.21232264099056414,-0.07983243383216386,0.2991271720646695,0.22955344055164517,0.27361797149193495,0.16376817003329375,0.15300426285370677,0.252846866561337,-0.0640873713784818,0.2536296851774923
VJC,0.11552913768176605,0.05066287429676707,0.14331386229114987,0.06172518348912001,0.05505510578450744,0.220335221299336,0.292293770024531,-0.0706036783880945,0.18737163480354,-0.026039560493788878,0.07849430963472129,-0.05095360253567559,0.33805355037448787,0.2159603198325452,0.12028067079371947,0.09340922064688531,0.18764828820465307,0.041397269458044804,1.0,0.06616924897192517,0.18032549316327257,0.12652725432945558,0.08488376040321947,0.05850602858196642,0.12525403101550844,0.07936570168688473,0.18773471400041886,0.39785697222548333,0.08886506563942337,0.14779377049525763,0.01038057730184628,0.1723139237738424,-0.030203618259143646,-0.021117761970745195,0.17908313249147548,0.01381885106316132,0.26449200371673603,0.10030481681838303,0.05249828274579619,0.1006750705446828,0.265503711586177,0.26561755359173883,0.054517475002504166,0.008357275652298274,-0.011445233808900768,0.19353732444399085,0.3587336676127325,0.10509816911620884,0.11913034483941731,0.12566945907332502,0.23197767562339028,0.021671576504366713,0.09315210092062277,0.2181859203607808,0.14953386773659702,0.14304040471478865,0.212768545466392,0.33752210883160355,0.18319902475012007,0.1489551137309234,0.23782448985557625,0.032383134834026335,0.10730171885765002,0.07567233414301848,0.18886859683659446,0.15985110961579663,0.04710395623832088,0.29425197976513084,0.2931516959867577,-0.007014626949567406,0.23550708543454577,0.06420915663904285,0.2234343941896033,0.12152829408413576,0.24090817542026868,0.039242203468805775,0.11986884279282352,0.15381901975398238,0.22096083085023696,-0.028167279233019035,-0.11774050291360101,0.17099579736641918,0.027006871228876326,0.013023202823440341,-0.09261421323093813,0.1151834746400294,0.06984441201865689,0.19503426216154293,0.1587417626978632,0.08521026695283754,0.1631788665872173,0.008115605312848993,0.08687329513307986,-0.02508384372832465,0.15965123480616908,0.17745754116381948,-0.1156125300076567,0.11198583848009501,-0.023118203008658494,-0.07468379566687162
STB,0.5096755769524391,0.27233509786372434,0.13671936621626612,0.1882786430394863,0.1219387392632627,0.33925924650890005,0.3233534353560681,-0.015662898567936,0.34742392861764304,0.0019454376876216154,-0.031197935887889522,-0.003168548825195197,0.30682313092757935,0.35157713215326164,-0.041205076759366105,0.3902366770525925,0.002411929876086044,0.2285087226305349,0.06616924897192517,1.0,0.33780607356125314,0.24851867095000288,0.29504727711157713,-0.1515829124226797,0.44036497489865367,0.46744572383199173,0.25565018627571306,0.4627138055495943,0.1901542170623107,0.1851468196759367,-0.004130526315706224,0.40776801110383815,0.14161493476492412,0.32282932377496704,0.360165313663798,0.07206647089285291,0.46160019820953274,0.29216096592881696,0.2575436483360142,0.21598724699693003,0.4492464237781512,0.4381096204793314,0.2619332503972365,0.04572207772410042,0.1160057969123385,0.43330350424010444,0.4355170922416621,0.40863696349275946,0.3288473040074708,0.343351762714049,0.4782262690659096,0.09277114057519792,0.12332209820519836,0.41722749199226417,0.3432184484489829,0.39567061718383073,0.45945869390949023,0.08350410807896311,0.1825646673457798,0.4848411507772013,0.4323880360537654,0.27712841980645564,0.14491938589683676,0.1868389982157967,0.4015625895383471,0.3598596334932169,0.2921613885546594,0.1767311063626543,0.4511625270477283,-0.004432229234153075,0.48066730486261994,0.2672605202117654,0.40199391168458465,0.3382147744725856,0.4752748480483368,0.18850814893319937,0.20547822721647777,0.3872705823928699,0.31090640853120466,0.29978624305787105,-0.05265787114485531,0.42863635217018514,0.31129506360062625,0.28222918161483773,-0.03783800843197535,0.343239776470098,0.3935178074826048,0.2289932814848009,0.39058956909760634,0.33174226452743094,0.37641226318727355,-0.09986725702288386,0.3058840570659227,0.21045272713615656,0.381481522318637,0.4032005282778781,0.06776437408462356,0.2794968989052896,-0.04143633314588047,0.07388473666212085
